predicted >> actual
206.96813996660634 , 13.30765741810547  >>  209.6271209716797 , 23.33658790588379
231.72033018672875 , 13.938055201245511  >>  232.09996032714844 , 19.59441566467285
256.38237600856826 , 14.566157154063657  >>  255.50146484375 , 17.387155532836914
280.95476897907906 , 15.191975795456573  >>  279.5177917480469 , 15.083163261413574
305.4379970779012 , 15.815523553467154  >>  304.33447265625 , 13.704636573791504
329.83254474966355 , 16.436812766107437  >>  329.37261962890625 , 13.697515487670898
354.13889293593627 , 17.055855682172282  >>  354.36395263671875 , 13.933279037475586
378.3575191068372 , 17.672664462044253  >>  379.4764404296875 , 15.20009994506836
402.4888972922967 , 18.287251178490056  >>  403.488525390625 , 17.371816635131836
426.5334981129857 , 18.89962781744814  >>  427.29376220703125 , 20.172658920288086
450.49178881090955 , 19.50980627880777  >>  449.57550048828125 , 23.787586212158203
474.3642332796744 , 20.117798377180062  >>  470.9832763671875 , 28.249937057495117
204.71703728506085 , 43.19347520213093  >>  206.797607421875 , 50.3511962890625
229.90706349254862 , 43.779442859024535  >>  229.43109130859375 , 47.23967742919922
255.0037464726181 , 44.363239175888275  >>  253.31405639648438 , 44.838130950927734
280.007604099567 , 44.94487619945792  >>  278.2715148925781 , 43.09605026245117
304.91915042383084 , 45.5243658875189  >>  303.4203796386719 , 41.781917572021484
329.73889570721116 , 46.10172010972589  >>  329.3130187988281 , 41.88078308105469
354.46734645771494 , 46.676950648413246  >>  355.0984191894531 , 41.97838592529297
379.10500546401016 , 47.25006919939634  >>  380.5140380859375 , 43.220848083496094
403.6523718295028 , 47.82108737276451  >>  405.4610595703125 , 45.443511962890625
428.10994100603915 , 48.390016693664876  >>  429.6854553222656 , 47.75999069213867
452.47820482724 , 48.95686860307771  >>  452.68695068359375 , 51.41676330566406
476.75765154146944 , 49.52165445858351  >>  474.4187927246094 , 55.482093811035156
202.385497571792 , 74.14718140052418  >>  203.89266967773438 , 79.52062225341797
228.02912705802447 , 74.68511675640028  >>  227.0637969970703 , 76.5987548828125
253.57604115072135 , 75.2210232797483  >>  251.4932403564453 , 74.57210540771484
279.0267859657173 , 75.75491242663048  >>  277.05621337890625 , 72.87275695800781
304.3819035149538 , 76.28679556702026  >>  302.8118591308594 , 71.8890151977539
329.64193174495705 , 76.81668398560947  >>  329.2878723144531 , 71.93869018554688
354.80740457488224 , 77.34458888260642  >>  355.6168518066406 , 72.5488052368164
379.87885193413246 , 77.87052137452486  >>  381.7482604980469 , 73.54047393798828
404.85679979955637 , 78.39449249496455  >>  407.13592529296875 , 75.38097381591797
429.74177023223035 , 78.91651319538275  >>  432.1496276855469 , 77.57386016845703
454.53428141383097 , 79.43659434585706  >>  455.36083984375 , 80.85643005371094
479.2348476826023 , 79.95474673584019  >>  477.5285949707031 , 84.44256591796875
199.96913110152173 , 106.22705435431959  >>  201.16897583007812 , 110.15613555908203
226.08299842211102 , 106.71304692386913  >>  224.71401977539062 , 108.12657928466797
252.09659209261906 , 107.19717334895745  >>  250.07803344726562 , 105.97545623779297
278.0104885617908 , 107.67944435759371  >>  275.5121154785156 , 104.92755889892578
303.8252598683377 , 108.15987059571395  >>  302.2218933105469 , 103.98487854003906
329.5414736830299 , 108.6384626279647  >>  329.21002197265625 , 104.28511810302734
355.15969335030775 , 109.11523093847723  >>  356.1971740722656 , 104.96536254882812
380.68047792941803 , 109.59018593163302  >>  382.8712158203125 , 105.78421783447266
406.1043822350818 , 110.06333793282089  >>  408.9553527832031 , 107.41200256347656
431.43195687770003 , 110.534697189185  >>  434.0897216796875 , 109.36906433105469
456.66374830310326 , 111.0042738703647  >>  457.8753662109375 , 112.1388931274414
481.80029883185074 , 111.47207806922599  >>  480.4190979003906 , 115.17351531982422
197.46322281423303 , 139.49569157435744  >>  198.69363403320312 , 142.56512451171875
224.06489457585278 , 139.92549129465047  >>  223.1683349609375 , 140.9527130126953
250.5625343921101 , 140.35361018445215  >>  248.22198486328125 , 139.90016174316406
276.9567513332638 , 140.7800580844307  >>  274.5575256347656 , 139.13037109375
303.24814972431176 , 141.20484475858584  >>  301.5387878417969 , 138.23170471191406
329.43732919111426 , 141.62797989499393  >>  329.1387023925781 , 138.51309204101562
355.52488470597984 , 142.04947310654444  >>  356.5584411621094 , 139.083984375
381.51140663272184 , 142.4693339316681  >>  383.87420654296875 , 139.88194274902344
407.3974807711924 , 142.88757183505626  >>  410.21246337890625 , 140.99850463867188
433.183688401301 , 143.30419620837213  >>  435.93756103515625 , 142.64508056640625
458.87060632652447 , 143.71921637095377  >>  460.05059814453125 , 145.07640075683594
484.4588069169153 , 144.13264157050907  >>  482.72991943359375 , 147.4153289794922
194.8627016068734 , 174.02041742706146  >>  197.1477813720703 , 176.15512084960938
221.97074741839683 , 174.38939963127586  >>  221.14695739746094 , 175.0920867919922
248.9707876704797 , 174.75691171367964  >>  247.06390380859375 , 174.6307830810547
275.8634665634757 , 175.12296244283064  >>  273.56048583984375 , 174.06968688964844
302.6494231847835 , 175.48756051769143  >>  301.05499267578125 , 174.0041046142578
329.32929155947306 , 175.85071456831858  >>  328.8648376464844 , 174.00314331054688
355.90370070031065 , 176.21243315654354  >>  356.8812255859375 , 174.7535400390625
382.3732746571928 , 176.57272477664523  >>  384.4159851074219 , 175.29141235351562
408.7386325659953 , 176.9315978560155  >>  411.2822265625 , 176.3221435546875
435.0003886968475 , 177.2890607558156  >>  437.10748291015625 , 177.51547241210938
461.1591525018373 , 177.64512177162607  >>  461.5409240722656 , 179.06997680664062
487.2155286621575 , 177.9997891340881  >>  484.6124267578125 , 180.89476013183594
192.16210607987114 , 209.87373788640872  >>  195.39501953125 , 211.07203674316406
219.79617638523544 , 210.17686398951162  >>  220.02806091308594 , 210.86656188964844
247.31803543092187 , 210.47875921487937  >>  245.90597534179688 , 210.89633178710938
274.72836530180575 , 210.77943104449807  >>  273.1308898925781 , 210.93255615234375
302.0278425657994 , 211.0788868998367  >>  300.48773193359375 , 211.01612854003906
329.21713832951883 , 211.3771341424577  >>  328.80035400390625 , 211.1199493408203
356.29691829327743 , 211.67418007462007  >>  356.9447021484375 , 211.82608032226562
383.26784280541733 , 211.9700319398757  >>  384.8551025390625 , 212.08216857910156
410.1305669159851 , 212.26469692365782  >>  411.9533996582031 , 213.13067626953125
436.88574042976524 , 212.558182153863  >>  438.19464111328125 , 213.52273559570312
463.53400795867526 , 212.85049470142545  >>  462.8772888183594 , 214.4411163330078
490.07600897353626 , 213.14164158088556  >>  485.88653564453125 , 215.32742309570312
189.35554625159995 , 247.1338488157309  >>  194.41519165039062 , 246.58351135253906
217.5364578611432 , 247.3656220973703  >>  219.01979064941406 , 247.0863800048828
245.600701992787 , 247.59643584992887  >>  245.2012176513672 , 247.7265625
273.54900164568926 , 247.82629601969717  >>  272.3298645019531 , 248.13803100585938
301.3820738573322 , 248.055208503934  >>  300.25836181640625 , 248.7070770263672
329.1006297648448 , 248.28317915137092  >>  328.6050720214844 , 249.12399291992188
356.7053746655689 , 248.51021376271024  >>  357.0117492675781 , 249.4165496826172
384.197008076881 , 248.73631809111706  >>  385.0303955078125 , 250.06491088867188
411.57622379528044 , 248.9614978427053  >>  412.2463073730469 , 250.0686798095703
438.843709954754 , 249.18575867701765  >>  438.55462646484375 , 250.28826904296875
466.0001490844274 , 249.4091062074997  >>  463.37890625 , 250.42784118652344
493.04621816551406 , 249.6315460019685  >>  486.62066650390625 , 250.57489013671875